0.172559
0.0900041
0.089987
0.0898893
0.0894543
0.0875602
0.081963
0.0896668
0.0885638
0.0836632
0.0814957
0.0733577
0.1015
0.0900054
0.0900054
0.0900054
0.0900047
0.0899957
0.089928
0.0895299
0.0879742
0.0806255
0.0938247
0.0886793
0.0825952
0.119697
0.0898783
0.0890837
0.0842703
0.0843999
0.0802912
0.074759
0.0620669
0.0899755
0.0900041
0.0899983
0.0899736
0.0898738
0.0895024
0.0873815
0.113484
0.0882457
0.079996
0.0840295
0.0728997
0.0851839
0.0800403
0.0737206
0.0829569
0.0918116
0.0713962
0.0818659
0.0705831
0.0694034
0.0644741
0.0577496
0.044897
0.0441734
0.0664001
0.0364576
0.0352616
0.0406066
0.069514
0.0472246
0.0298324
0.0253442
0.0243883
0.0249397
0.0276726
0.0241716
0.0278846
0.0215484
0.02287
0.0195014
0.0199696
0.0177551
0.0173958
0.0165242
0.0161733
0.0156683
0.0151914
0.0147364
0.014485
0.0140804
0.0138515
0.0135079
0.0132023
0.0129187
0.0128066
0.0124847
0.0124924
0.0121322
0.0120429
0.0118075
0.0116629
0.0114946
0.0113538
0.0112213
0.0110255
0.0109237
0.0108714
0.0106575
0.0105355
0.0104624
0.010414
0.010205
0.0101324
0.0100031
0.00992741
0.00980093
0.00963489
0.009533
0.00940632
0.00936738
0.00923623
0.00913699
0.0090299
0.00905403
0.00892799
0.00891216
0.00883302
0.00891788
0.00905329
0.00899761
0.00931053
0.00997638
0.0120806
0.0122938
0.0171013
0.0132542
0.0126289
0.0105749
0.01085
0.00916174
0.00920472
0.00849576
0.00846474
0.00807304
0.0079931
0.00779182
0.00764531
0.00751881
0.00740193
0.0072498
0.00712304
0.00704757
0.00698142
0.00689913
0.00677366
0.00672074
0.00663196
0.00659274
0.00653614
0.00647479
0.00641935
0.00637301
0.00635957
0.00624663
0.0062129
0.0061246
0.00611453
0.00603646
0.00601034
0.00592208
0.00592649
0.00581809
0.0058448
0.00578196
0.00582894
0.00569589
0.00570006
0.00561367
0.00561761
0.00552546
0.00555513
0.00545627
0.00550664
0.00534561
0.0053333
0.00528315
0.00534296
0.00537239
0.00552355
0.005645
0.00596713
0.00631937
0.00763672
0.00950816
0.0170447
0.0194464
0.01367
0.0232656
0.022219
0.0286215
0.0122042
0.00954126
0.00818707
0.00810899
0.00755483
0.00677786
0.0067688
0.006223
0.00632268
0.00582086
0.00596681
0.00554805
0.00542823
0.00523274
0.00513016
0.00503608
0.00496909
0.00489173
0.00481061
0.00477768
0.00473695
0.00465575
0.00461873
0.00457942
0.00452578
0.00447755
0.00442046
0.00441359
0.00441312
0.00436003
0.00432345
0.00430218
0.00426221
0.00424605
0.00421135
0.0041827
0.00413072
0.00411656
0.00411274
0.00408311
0.00403864
0.00402188
0.00399324
0.00395648
0.00395013
0.00388523
0.00390293
0.00384846
0.00385565
0.0038187
0.00382069
0.00378897
0.00383968
0.00378303
0.00386047
0.00377552
0.00385958
0.00379221
0.00392571
0.00391125
0.00419602
0.00417947
0.00460348
0.00520744
0.00651639
0.00924079
0.0159439
0.0305905
0.0418976
0.0459715
0.0445079
0.0459342
0.080999
0.0622769
0.0868016
0.0764268
0.06317
0.06641
0.0594078
0.0539984
0.0552346
0.0671021
0.0602859
0.0622944
0.0620734
0.0508782
0.0279266
0.0278246
0.0376833
0.0303448
0.0544596
0.0176306
0.0124063
0.0111923
0.0108935
0.0102549
0.00991172
0.0094953
0.00936057
0.00909808
0.00886466
0.00871098
0.00844496
0.00828527
0.00814286
0.008005
0.00785436
0.00774618
0.00760721
0.00750592
0.00735311
0.00724386
0.00710984
0.00699949
0.00692393
0.00682771
0.00668383
0.00661479
0.00653783
0.00645546
0.00640006
0.00624264
0.00616796
0.00608997
0.00610856
0.00598726
0.00595105
0.00582687
0.00574757
0.00567601
0.00566138
0.00562601
0.00549528
0.00543905
0.00540402
0.00536872
0.00525661
0.00521165
0.00515663
0.00516399
0.00506411
0.00501396
0.00495447
0.00489121
0.00486612
0.00486381
0.00478501
0.00475848
0.0047227
0.00468028
0.00464295
0.0046333
0.00458925
0.00458541
0.00450059
0.00446961
0.00445109
0.00446397
0.00445866
0.00445917
0.00443118
0.00438362
0.00432328
0.00429801
0.00425366
0.00423545
0.00418057
0.00416941
0.00412549
0.00410278
0.00405589
0.00406084
0.00402031
0.00402024
0.00396397
0.00396066
0.00394231
0.00392378
0.00390922
0.00386239
0.00383732
0.00381121
0.00378784
0.00374624
0.00374889
0.00371227
0.003727
0.00366465
0.00370121
0.00362865
0.003675
0.00362288
0.00372282
0.00362212
0.003736
0.00366804
0.00377426
0.00375081
0.00373399
0.00376075
0.00371309
0.00364495
0.00361958
0.00349397
0.00343739
0.00338582
0.00330807
0.00329928
0.00326298
0.00320716
0.00319015
0.00316629
0.00315688
0.00315625
0.0031485
0.00313164
0.00311423
0.00310064
0.00309521
0.00307903
0.00304544
0.00306029
0.00301266
0.00308222
0.00303108
0.0031623
0.00304772
0.00320813
0.0030356
0.00309534
0.0030449
0.00307948
0.00303499
0.0030658
0.00302218
0.00305261
0.00300648
0.00303403
0.0030759
0.00312699
0.00323044
0.0036801
0.00451105
0.00806243
0.0162766
0.0237718
0.0332766
0.0509604
0.0494903
0.0501536
0.0473939
0.0237471
0.0103293
0.00841951
0.00697622
0.00702152
0.00571784
0.00560456
0.0050124
0.00496177
0.00462207
0.00453778
0.00436703
0.00423563
0.00410153
0.00400026
0.00389709
0.00388048
0.0037934
0.00379409
0.00368695
0.00366741
0.00361793
0.00358941
0.00353729
0.00354011
0.0034959
0.00345275
0.0034242
0.00338223
0.00334958
0.00332379
0.00329615
0.00329747
0.00324964
0.00324394
0.00320201
0.00318819
0.00312729
0.00311011
0.00307181
0.00304461
0.003022
0.00301239
0.00299133
0.00297856
0.00295537
0.00292889
0.00292387
0.0028866
0.00286437
0.00284323
0.00282922
0.00280363
0.00280669
0.00276384
0.0028386
0.00277001
0.00286993
0.00276465
0.00290064
0.0027486
0.0028402
0.0027209
0.00283167
0.00267191
0.00273362
0.00262973
0.00262416
0.00257916
0.00254658
0.00253214
0.00252784
0.00251161
0.00253604
0.00249015
0.00254856
0.00248427
0.00255048
0.00246699
0.0025115
0.00242468
0.00252901
0.00243184
0.00249062
0.00240122
0.00245752
0.00237063
0.00242443
0.00236107
0.00242277
0.00233461
0.00238981
0.00233102
0.00237816
0.00230635
0.00236363
0.00229721
0.00233257
0.00227027
0.00234608
0.00225002
0.00243518
0.00232613
0.00254973
0.00238536
0.00269921
0.00246601
0.00277275
0.00250512
0.00266404
0.0024459
0.00252627
0.00236943
0.00241994
0.00234515
0.00231247
0.00227435
0.00216314
0.00216766
0.00210844
0.0021146
0.00206471
0.00209851
0.00204103
0.00206686
0.00202766
0.00205131
0.00200801
0.00205529
0.00199837
0.00208633
0.00203314
0.0022064
0.00207904
0.00236476
0.0021489
0.00238825
0.00215317
0.00242417
0.00215165
0.00231465
0.00206353
0.00224741
0.00202245
0.00210458
0.00196518
0.00199401
0.00191283
0.00190352
0.00188209
0.00187889
0.00185867
0.00186585
0.00183974
0.00189677
0.00184278
0.00195342
0.00185678
0.00191967
0.00182886
0.00189991
0.00181693
0.00188439
0.00182464
0.00187597
0.00181596
0.00183306
0.0018156
0.00181392
0.00185112
0.00185541
0.00195686
0.00206438
0.00220558
0.00259714
0.00347598
0.00828434
0.0254689
0.0362195
0.0446389
0.0595143
0.100167
0.112689
0.077292
0.115769
0.0974238
0.0821547
0.0905334
0.089965
0.0895399
0.0857485
0.0653202
0.0637877
0.0619085
0.0455648
0.031818
0.0225762
0.0332793
0.0477646
0.0251243
0.0201816
0.0183188
0.0155549
0.0147043
0.0126431
0.0128212
0.0115287
0.0112849
0.0107093
0.0103998
0.010051
0.00972346
0.00950699
0.00933617
0.00916891
0.00901831
0.00884801
0.0087267
0.00852421
0.00829177
0.00813202
0.00804794
0.00785723
0.00773495
0.00762763
0.00755801
0.0074143
0.00732859
0.00726088
0.00716264
0.00706516
0.0069632
0.00683847
0.0067627
0.0066685
0.00656405
0.00653053
0.00645947
0.00634849
0.00626293
0.00620392
0.00612728
0.00602084
0.00595933
0.00583314
0.00580805
0.00573957
0.00570684
0.00565657
0.00560002
0.00566028
0.00553151
0.00549045
0.00546025
0.00540889
0.00532145
0.00523701
0.00514043
0.0050697
0.00502579
0.00500141
0.00490319
0.00487623
0.00479902
0.00477271
0.0046654
0.00465974
0.00462755
0.00460529
0.00455881
0.00453624
0.00449141
0.00445583
0.0043858
0.00436254
0.00431207
0.00430357
0.00427136
0.00419359
0.00420346
0.00415633
0.00417571
0.00414856
0.00412474
0.00408135
0.00404156
0.00401057
0.00397885
0.00395708
0.00396131
0.00389782
0.00388736
0.0038478
0.00386815
0.00383636
0.00379889
0.00381677
0.00374466
0.00375823
0.00371183
0.00371076
0.00368794
0.0036324
0.00357615
0.0035722
0.00354389
0.00353313
0.00351792
0.00348505
0.00346495
0.00345324
0.00348467
0.0033913
0.00337948
0.00335635
0.00338501
0.00335644
0.0034449
0.00334175
0.00336578
0.00329178
0.00331356
0.00322219
0.00323845
0.0031899
0.00320212
0.00314814
0.00317555
0.00311209
0.00311706
0.00307313
0.00306999
0.00305138
0.00306888
0.00303625
0.00306458
0.00301109
0.00304993
0.00303407
0.00307745
0.0029871
0.00297669
0.00295686
0.00291683
0.00290149
0.00287078
0.00289202
0.00285447
0.00287052
0.00283551
0.00290065
0.00293052
0.00299991
0.00287152
0.00299186
0.00286601
0.00287556
0.00281253
0.0028139
0.00275583
0.0027539
0.00272085
0.00274693
0.00272128
0.00276113
0.00269395
0.00270926
0.00262603
0.00263952
0.00260845
0.00261632
0.00258798
0.00259358
0.0025741
0.00264582
0.00257589
0.00269127
0.00259771
0.00270631
0.00261534
0.00261691
0.00252483
0.00259113
0.00255516
0.00250761
0.00258094
0.00249882
0.00267243
0.00253256
0.00267123
0.00251402
0.00257375
0.00245473
0.00248288
0.00241633
0.00247809
0.00241385
0.00243012
0.0023764
0.00239167
0.0023813
0.00247392
0.00241184
0.00257784
0.0024851
0.00273881
0.00250776
0.00264342
0.002521
0.00253062
0.00239007
0.00243465
0.00232508
0.00239941
0.0022946
0.00232461
0.00225267
0.00228349
0.00224761
0.00234283
0.00223908
0.00244371
0.00229168
0.00255636
0.00232156
0.00253846
0.00230855
0.0024136
0.00222094
0.00234957
0.0022108
0.0023097
0.00224745
0.00227773
0.0021925
0.00218573
0.00213881
0.00214971
0.00211851
0.00212036
0.00209314
0.00215164
0.0020978
0.00216417
0.00209575
0.00222065
0.00212628
0.00227408
0.00232268
0.00273953
0.00273217
0.00312935
0.00280897
0.0038671
0.00346226
0.00628437
0.00705316
0.0197239
0.020599
0.0123445
0.0140691
0.013852
0.00520384
0.00501534
0.00349805
0.00395984
0.00309392
0.00318349
0.00288043
0.00292791
0.00273345
0.00272612
0.00262413
0.00263332
0.0025591
0.00254363
0.00252386
0.00251415
0.00249216
0.00247349
0.00245226
0.00242504
0.00241952
0.00241522
0.00243009
0.00240027
0.00239317
0.00236213
0.00232307
0.00238034
0.00231498
0.0023965
0.00229451
0.00232957
0.00227721
0.00229635
0.00223893
0.00222219
0.00220916
0.00221706
0.00219864
0.00222262
0.00218587
0.00218913
0.00216676
0.00222941
0.00219611
0.00224409
0.00216692
0.00229622
0.00216058
0.00231691
0.0021448
0.00224217
0.00211647
0.00216433
0.00206801
0.00212909
0.00204656
0.00208188
0.0020276
0.00203706
0.00199963
0.00206441
0.00198708
0.00203166
0.00195205
0.001966
0.00194047
0.00195764
0.00192321
0.0019693
0.00192306
0.00196828
0.00190582
0.00193115
0.00188771
0.00190469
0.00189035
0.00189417
0.00186309
0.00187669
0.00186496
0.0019066
0.00188593
0.00197908
0.0018668
0.00205611
0.00196489
0.00231165
0.00203432
0.00272957
0.00213528
0.00300865
0.00213935
0.192076
0.0900054
0.0899755
0.138828
0.675847
0.0739501
0.0818743
0.0543372
0.229538
0.308894
0.0750713
0.0600409
0.056578
0.0522683
0.0606288
0.0537711
0.0396254
0.0416256
0.0431135
0.035091
0.0346505
0.0321909
0.0294034
0.0282109
0.0267015
0.0251102
0.0240609
0.0226126
0.0231165
0.0223679
0.0215879
0.0208464
0.0265493
0.0267331
0.0217807
0.0198708
0.0186139
0.0183777
0.0171345
0.0171018
0.0155321
0.0182278
0.0187027
0.0160938
0.0143082
0.0134513
0.0171589
0.0164269
0.0143199
0.0124928
0.0138208
0.0119513
0.0126148
0.0228535
0.0261692
0.0205273
0.0141975
0.014857
0.0129314
0.0139383
0.0129282
0.0206697
0.0241626
0.0212193
0.0207146
0.0267232
0.0292703
0.0224069
0.0216501
0.0190619
0.02239
0.0213422
0.0194514
0.023927
0.0320174
0.0212024
0.0225188
0.0230309
0.0216168
0.0215568
0.025265
0.0427983
0.050106
0.0376354
0.0280912
0.0251561
0.0222177
0.0341465
0.0419906
0.0248024
0.0201525
0.0214592
0.0240784
0.0264526
0.031979
0.0312168
0.0339055
0.030588
0.03077
0.0386638
0.0325169
0.0345528
0.0305668
0.0316182
0.0318367
0.041856
0.0462438
0.0409736
0.0248368
0.0290873
0.066107
0.0696145
0.061977
0.0258319
0.0240914
0.0395107
0.0359606
0.0331338
0.0214206
0.0244797
0.0243131
0.0264146
0.0253301
0.0167652
0.0184209
0.0200359
0.0223058
0.0218038
0.0186879
0.0262889
0.0299456
0.0264569
0.0227681
0.025351
0.0245058
0.0273933
0.0263347
0.0377177
0.0262654
0.0277992
0.0210224
0.0223327
0.0237957
0.0273687
0.0218424
0.0223177
0.0200889
0.0235548
0.0268157
0.0506196
0.0527989
0.036492
0.0238098
0.0245253
0.0242082
0.0267551
0.0249653
0.0280983
0.0341503
0.0327464
0.0247611
0.0278112
0.0280024
0.0317162
0.0314661
0.0307753
0.0303456
0.0285885
0.0411583
0.0460896
0.0405436
0.0304667
0.0347779
0.032074
0.0307575
0.0316159
0.038456
0.0368538
0.0348048
0.031506
0.0351538
0.0315517
0.0257001
0.0292503
0.0275414
0.0241958
0.0265574
0.0296982
0.02483
0.0300974
0.0328806
0.0319165
0.0281698
0.0292562
0.033336
0.0322283
0.0315216
0.035184
0.0352063
0.0245081
0.0395903
0.0281229
0.0294783
0.0268543
0.032812
0.0283146
0.0282223
0.0284053
0.0321938
0.0286849
0.0332438
0.0275167
0.0326616
0.0277172
0.0265873
0.0280277
0.0254751
0.0291308
0.0264993
0.028449
0.0317408
0.0324579
0.0287143
0.027233
0.0268971
0.0268008
0.0275697
0.0240399
0.0238851
0.0246274
0.022505
0.0224146
0.0228429
0.0224096
0.0236332
0.0195217
0.0196042
0.0187938
0.0172106
0.0163305
0.0187818
0.0194791
0.0196378
0.016889
0.0164503
0.0179516
0.0173333
0.0167428
0.0151709
0.0155325
0.0160805
0.0168206
0.0161721
0.0191071
0.0181432
0.0173842
0.0182258
0.0184616
0.0177524
0.0183786
0.0183408
0.0198135
0.0181713
0.0175661
0.0186475
0.0186555
0.0164355
0.0203798
0.0217558
0.0205963
0.0207191
0.0188129
0.0188837
0.016832
0.0196196
0.0223828
0.018204
0.0159053
0.0184074
0.0173356
0.0164314
0.015711
0.013404
0.0160221
0.0176846
0.0197128
0.0173297
0.0163836
0.0152943
0.0164018
0.018293
0.0165898
0.0129236
0.0144891
0.0141371
0.013061
0.0170524
0.0180821
0.0175252
0.0153208
0.0113046
0.0169097
0.0170674
0.0160459
0.0151223
0.014009
0.0106778
0.0119288
0.0131667
0.0139292
0.0155574
0.0150639
0.0131352
0.0122827
0.0146698
0.0108382
0.012246
0.0115485
0.0101361
0.0109394
0.0135799
0.0138348
0.0123241
0.0130774
0.0134662
0.0139046
0.011546
0.0129824
0.0130892
0.0129203
0.0141389
0.013739
0.0140689
0.0118542
0.0113457
0.0123451
0.0129995
0.0114875
0.0131695
0.0143423
0.0135263
0.0120078
0.0111132
0.0116103
0.011845
0.0106554
0.0105935
0.0112625
0.0122658
0.011392
0.0116822
0.0127498
0.0125249
0.0146491
0.0118494
0.0125834
0.0144064
0.0146072
0.0144203
0.0136138
0.0158591
0.0163939
0.0164944
0.0128027
0.0106922
0.0107247
0.0120864
0.0120712
0.0137728
0.0124868
0.0169955
0.0149747
0.0142524
0.0139595
0.0176057
0.016903
0.0133442
0.0122486
0.0135844
0.0141307
0.0134797
0.0101746
0.0100178
0.0123916
0.0129073
0.0121707
0.00951525
0.0115546
0.0120914
0.0113258
0.0105824
0.0110598
0.0113498
0.0117133
0.00835644
0.0112745
0.00903014
0.00944699
0.0104916
0.00835469
0.00959577
0.00953686
0.0106051
0.00907361
0.0141114
0.015736
0.0142043
0.0106807
0.0143998
0.0133849
0.0162722
0.0102245
0.0108867
0.0122216
0.0133164
0.0107284
0.0156044
0.0162738
0.0150778
0.0149287
0.0101478
0.0137952
0.011796
0.0141883
0.0141101
0.0125393
0.0137021
0.0137409
0.0161891
0.0165231
0.0142446
0.0139508
0.0212867
0.0171787
0.0166921
0.0156185
0.0120723
0.0152588
0.012308
0.013272
0.0152231
0.0970307
0.137046
0.0778433
0.0150972
0.0274415
0.0959139
0.117841
0.0802289
0.0341078
0.0164005
0.0223887
0.0479681
0.0569768
0.0384853
0.0204578
0.0272208
0.0219045
0.0251898
0.0257887
0.0197675
0.0147059
0.0187876
0.022477
0.0194019
0.0191418
0.0189393
0.0142375
0.0110781
0.0190297
0.0163112
0.0147054
0.0115078
0.0190037
0.0162533
0.0159889
0.0146737
0.0140572
0.0135723
0.0118047
0.0157916
0.0151145
0.0131687
0.0110218
0.0161086
0.0127102
0.0128301
0.0119978
0.0139678
0.0145132
0.0108877
0.0139811
0.011858
0.0114126
0.0136222
0.0165162
0.0188866
0.0190164
0.0122044
0.0141609
0.152144
0.0900052
0.0906187
0.122448
0.647542
0.164791
0.289432
0.069203
0.0801052
0.150142
0.0825193
0.127097
0.112197
0.0646933
0.0666797
0.0458046
0.0568814
0.0439252
0.04239
0.0419531
0.0376021
0.0359618
0.0336525
0.0318065
0.0305051
0.0290955
0.0277793
0.0265944
0.0252943
0.0243997
0.0233481
0.0221606
0.0212624
0.0203607
0.0194496
0.0211831
0.0214446
0.0175119
0.0189214
0.020429
0.0224518
0.0191378
0.0208013
0.0236441
0.0191307
0.018499
0.0208033
0.0258874
0.0328035
0.0222694
0.0247276
0.034183
0.038186
0.0380885
0.0405918
0.0418647
0.0375419
0.0501077
0.0432889
0.0553542
0.0617541
0.044944
0.0616871
0.0589112
0.0579963
0.050772
0.056928
0.0555428
0.0561797
0.0483752
0.0449107
0.0450553
0.0522827
0.046406
0.0605118
0.0614142
0.0667534
0.0560958
0.0655013
0.0563104
0.0529842
0.0539795
0.0562305
0.056299
0.0497488
0.0601835
0.0776049
0.076081
0.080792
0.0768313
0.0698309
0.0649015
0.0551968
0.0497547
0.0494028
0.0512191
0.0598804
0.0481326
0.0499139
0.0644407
0.0614693
0.0414721
0.0406198
0.0498101
0.0501787
0.0378166
0.0364876
0.0399544
0.0418612
0.0389839
0.0368413
0.0265834
0.0276696
0.0276014
0.032962
0.0346012
0.0357456
0.0317646
0.0302573
0.0279035
0.027361
0.0272451
0.0218371
0.0248617
0.0323359
0.0395961
0.0386589
0.0345724
0.033057
0.0376135
0.04481
0.0481224
0.0451241
0.03902
0.0441352
0.0476596
0.0508796
0.0496803
0.0584041
0.0590093
0.0579557
0.0586929
0.0648816
0.0716282
0.0565368
0.0716173
0.0616921
0.0752483
0.0674044
0.0673185
0.064885
0.0514456
0.0670153
0.0427378
0.055583
0.0441757
0.0411609
0.0419631
0.0399248
0.0465461
0.0531252
0.0443557
0.0441941
0.0408164
0.0439087
0.0445891
0.0443167
0.0480135
0.0471035
0.0520872
0.0509809
0.0529606
0.0499697
0.0471781
0.0504418
0.0517718
0.0562527
0.0574664
0.0550428
0.0521603
0.060118
0.0651186
0.0587324
0.0563626
0.0611674
0.0612711
0.0589742
0.0587336
0.0634178
0.061126
0.0609178
0.0645947
0.0616977
0.0578981
0.0591362
0.0649067
0.0624969
0.05397
0.0513879
0.0594342
0.0595304
0.0532215
0.0538229
0.0528287
0.056124
0.060349
0.0581556
0.0582747
0.0569461
0.0596059
0.0605722
0.0649909
0.0622121
0.0608722
0.0601887
0.0580312
0.0624988
0.0667446
0.0615396
0.0560996
0.0567811
0.0600702
0.0585423
0.0549347
0.0531637
0.0522804
0.0496449
0.0512373
0.0540664
0.0548059
0.0562166
0.0519254
0.0483448
0.0513374
0.0511356
0.0505409
0.0496633
0.0479634
0.0478143
0.047339
0.0460311
0.0474167
0.0479932
0.0489615
0.0476336
0.0480714
0.0476221
0.0475483
0.0465078
0.0471592
0.0479939
0.0463528
0.0472877
0.0472825
0.0484162
0.0483503
0.049711
0.0501932
0.0508631
0.0490294
0.0470005
0.0485389
0.0478341
0.0456955
0.045805
0.046967
0.0468994
0.0481452
0.0471344
0.0470743
0.0472622
0.0458854
0.0440597
0.0450102
0.0457825
0.0475334
0.0474759
0.0455817
0.0444683
0.0432851
0.0447766
0.0466702
0.0466517
0.0466683
0.0458264
0.0468368
0.0469921
0.0482847
0.0480169
0.0469075
0.0466351
0.0468802
0.0481891
0.0496373
0.0481746
0.0467528
0.0477497
0.0511083
0.0521606
0.0503318
0.0506788
0.0524643
0.0531249
0.0494033
0.0477615
0.0490539
0.0476353
0.0464611
0.047902
0.0479578
0.0492642
0.0491994
0.0494677
0.0496304
0.0493342
0.0478124
0.04949
0.0494015
0.0476436
0.0457142
0.0468101
0.0474729
0.0500929
0.0508168
0.0487718
0.0476007
0.0463612
0.0485873
0.0477586
0.0485746
0.0505975
0.0497035
0.0469385
0.0473235
0.0480772
0.0453805
0.0463476
0.0470331
0.0480443
0.0460903
0.0459012
0.0465893
0.0465147
0.0460426
0.0478789
0.0478107
0.0486925
0.0479724
0.0490668
0.0473535
0.0475021
0.0486021
0.0487874
0.0490265
0.0481568
0.0463768
0.0462952
0.0469412
0.0467191
0.0475036
0.0464233
0.0472565
0.0472063
0.044601
0.0456073
0.0434163
0.0437313
0.0442072
0.0439353
0.0449168
0.0449499
0.0439226
0.0428661
0.0436378
0.0434349
0.0428538
0.0441039
0.0460243
0.0438316
0.0417262
0.0406598
0.0416836
0.0432899
0.0422423
0.0426632
0.0408123
0.0405138
0.0404618
0.0407909
0.0395722
0.0392316
0.0404679
0.0409264
0.0406004
0.0408659
0.0400005
0.0386734
0.0399812
0.0399426
0.0382142
0.0385724
0.0389479
0.0384808
0.0369803
0.0371397
0.0374201
0.0373951
0.037233
0.0373103
0.0374128
0.0380685
0.0391706
0.037274
0.0386155
0.0408118
0.0424163
0.0409664
0.0411962
0.04052
0.0405727
0.0398799
0.0395929
0.0393859
0.0377016
0.0375605
0.0372296
0.0365033
0.0359938
0.0384005
0.0409025
0.0397427
0.0388266
0.0399348
0.0401169
0.0402228
0.0389867
0.0387017
0.0405588
0.041433
0.0413452
0.0415697
0.0408099
0.040946
0.0419243
0.0405847
0.0398227
0.0410102
0.0399269
0.0396482
0.0381204
0.0394654
0.0410999
0.0407896
0.0424418
0.0416426
0.039847
0.0396502
0.0401039
0.0390932
0.0393539
0.0392845
0.0382762
0.0360246
0.0365963
0.0364291
0.0372981
0.0362003
0.0358
0.0362001
0.0392084
0.0383006
0.0367741
0.0362694
0.0370652
0.0354784
0.0356193
0.0362706
0.0369279
0.0351361
0.0360057
0.0349731
0.0341926
0.0345686
0.0354503
0.0366867
0.03517
0.0360458
0.0360558
0.0348858
0.0339499
0.0342861
0.0354852
0.0357817
0.0361498
0.0359263
0.036152
0.0360515
0.0370161
0.0366884
0.036063
0.181215
0.15529
0.15528
0.153696
0.625117
0.0728025
0.0901686
0.0663791
0.108283
0.126065
0.0796508
0.052725
0.0459156
0.0435009
0.0398698
0.0364398
0.0328751
0.0303435
0.0277345
0.0264435
0.0244849
0.0225255
0.0213273
0.0199036
0.0185989
0.0178431
0.0167579
0.0166057
0.0154988
0.0148489
0.015695
0.0170063
0.0144814
0.0146373
0.0130055
0.0125229
0.0153307
0.0150073
0.0168385
0.0174288
0.0173468
0.0150461
0.0147363
0.0144696
0.0157752
0.0145166
0.0136842
0.0150624
0.0156787
0.0132556
0.0139468
0.0147076
0.0150213
0.0143504
0.020063
0.0190492
0.0188891
0.0209396
0.0216995
0.022923
0.0252407
0.0234139
0.0261434
0.0235327
0.032597
0.0336796
0.0228605
0.0229914
0.02514
0.0377411
0.0356628
0.028412
0.0301236
0.0376493
0.0420489
0.0315968
0.0261156
0.0248184
0.0300233
0.0311769
0.035729
0.034378
0.0449613
0.043101
0.0426761
0.0326085
0.0334366
0.0432119
0.0456108
0.0347288
0.0275082
0.0237775
0.031756
0.0299592
0.0207187
0.0261511
0.0294831
0.0313343
0.0227467
0.0245432
0.0203724
0.0259383
0.027928
0.0285907
0.022517
0.0247974
0.0252639
0.0242297
0.0212803
0.0250029
0.0229636
0.0255708
0.0242174
0.0284705
0.0242722
0.0232427
0.0239647
0.0266331
0.026027
0.0228805
0.0223169
0.0216843
0.0201503
0.0231423
0.0240184
0.0288746
0.0291204
0.035256
0.0320086
0.0349416
0.034743
0.0363724
0.0281956
0.0283395
0.0285633
0.0293042
0.0301698
0.037891
0.0403633
0.0351131
0.0325813
0.0316035
0.0369052
0.0282774
0.0292417
0.0299248
0.0236848
0.0225131
0.0245832
0.0188128
0.020142
0.0328636
0.0308655
0.0353168
0.0247242
0.0326496
0.0323078
0.0359901
0.0228177
0.0332055
0.0256165
0.0325227
0.0318627
0.0278033
0.0275239
0.0251089
0.021185
0.01948
0.0211517
0.0231342
0.0234039
0.0189979
0.0180898
0.018002
0.0186395
0.0167294
0.0124218
0.0179194
0.0207005
0.0191824
0.0198158
0.0190231
0.0166802
0.0164332
0.0205253
0.0202698
0.0165479
0.0159639
0.0147544
0.0141391
0.0182011
0.0192745
0.0239769
0.0197513
0.0203822
0.0193905
0.0206881
0.0173598
0.0177259
0.0242282
0.0330465
0.0288326
0.0220233
0.0210367
0.0271352
0.0246592
0.0236376
0.0189327
0.019719
0.0232388
0.0212873
0.018953
0.0205586
0.0213579
0.0183821
0.0215859
0.0200328
0.0240188
0.0243966
0.0176417
0.0222498
0.0204802
0.0229055
0.026261
0.023337
0.0177633
0.016255
0.0216553
0.024765
0.0241285
0.0228706
0.021073
0.0220343
0.0209381
0.021975
0.0217132
0.019784
0.0198307
0.0215441
0.0200074
0.0229123
0.0282836
0.0309678
0.0271058
0.0254434
0.0248739
0.0204393
0.029679
0.0192721
0.0281292
0.0359356
0.0381007
0.0405954
0.0300316
0.020235
0.0203044
0.0302244
0.0363359
0.0253158
0.023214
0.0227792
0.0258458
0.0232102
0.0220966
0.0184224
0.0225533
0.0240303
0.0215708
0.0200215
0.0257836
0.0238811
0.0214811
0.0174075
0.0204041
0.0199088
0.0175666
0.0159993
0.0152259
0.0150336
0.0165928
0.0154089
0.0141145
0.016772
0.0162439
0.0208854
0.0222057
0.0188243
0.0181961
0.0169518
0.0211065
0.0212306
0.0212873
0.01445
0.0153676
0.0170993
0.0230764
0.025764
0.0260537
0.0276214
0.0187459
0.0230134
0.0176212
0.0254429
0.0302126
0.0207231
0.0152568
0.0136903
0.0190055
0.0275043
0.0290709
0.0140765
0.0128407
0.0139805
0.0155529
0.0193544
0.0153491
0.0124009
0.0157485
0.0156583
0.0154136
0.0152706
0.0141133
0.0169356
0.015396
0.0218274
0.0218393
0.014905
0.0138021
0.014922
0.0150207
0.017265
0.014407
0.0120931
0.0152653
0.0150764
0.0136377
0.0118272
0.0145879
0.0150603
0.0181148
0.0175111
0.0167888
0.0173313
0.0155732
0.018893
0.0175714
0.0171638
0.0190027
0.0208811
0.0174941
0.0180941
0.016593
0.0153416
0.0192473
0.0156015
0.0175783
0.0144078
0.014012
0.0115816
0.0107993
0.0139175
0.0134231
0.0138148
0.0138396
0.0145073
0.0149593
0.0157907
0.0143502
0.0150019
0.0145211
0.0144319
0.014173
0.0161021
0.0181019
0.0217279
0.0185698
0.0182281
0.021078
0.0195011
0.0193129
0.0190983
0.0151068
0.0175592
0.0171506
0.0123047
0.016176
0.0188835
0.0171512
0.0170587
0.0161111
0.0184382
0.0174878
0.0178104
0.0227763
0.0264702
0.0188613
0.0148147
0.0185387
0.0168485
0.0155928
0.0184149
0.0143371
0.0159621
0.0127002
0.0172019
0.0137732
0.0109916
0.0124989
0.0110645
0.0167582
0.0166274
0.0137892
0.0148814
0.0146462
0.0131373
0.0121004
0.0115093
0.0115361
0.0141549
0.0151237
0.0169035
0.0217935
0.0209172
0.0174184
0.0159029
0.0134895
0.0148463
0.0117229
0.0144907
0.0165337
0.017282
0.0152665
0.0140242
0.0126634
0.0159454
0.0164284
0.0160539
0.0149126
0.0127311
0.0116475
0.00967823
0.0119957
0.0127232
0.0116674
0.012446
0.0126203
0.0153688
0.0130425
0.0165276
0.0156302
0.0141378
0.0164891
0.0138775
0.0136301
0.0151926
0.0146013
0.0149319
0.0163462
0.0161645
0.0179483
0.0160731
0.0144762
0.0130785
0.0161753
0.0167944
0.0149056
0.0176296
0.0159548
0.0147103
0.016075
0.0169701
0.0225522
0.0224876
0.0200501
0.0226653
0.0221972
0.0245368
0.0273053
0.0226622
0.0234212
0.0223113
0.0200013
0.0233765
0.0213725
0.018548
0.0161852
0.0150686
0.0181712
0.0221431
0.0166403
0.0158906
0.0137351
0.0166432
0.0138109
0.0136615
0.0144575
0.0144915
0.0161104
0.0128827
0.0155028
0.15923
0.0898896
0.0898788
0.128165
0.696159
0.130185
0.157931
0.0808736
0.0725748
0.112554
0.0703924
0.0725028
0.0436704
0.0472342
0.0469508
0.0397061
0.0419404
0.0353367
0.0336075
0.032548
0.030598
0.0290997
0.0276444
0.026339
0.0252309
0.024084
0.023226
0.0223546
0.0215413
0.0209129
0.0203681
0.0198504
0.0194842
0.0192702
0.0189105
0.0187232
0.0184865
0.018449
0.0183349
0.0179595
0.0178509
0.0185126
0.0212986
0.0219755
0.0178851
0.0174499
0.0168423
0.017031
0.0178111
0.0195672
0.0198864
0.0217961
0.022778
0.0231351
0.0228464
0.0249001
0.0205995
0.0252597
0.0355287
0.035064
0.0377353
0.0319693
0.0360206
0.0394826
0.0491462
0.0521602
0.0476092
0.0338246
0.035694
0.0317972
0.0312402
0.033899
0.0477191
0.0556239
0.0739474
0.150726
0.162735
0.10157
0.0454984
0.0427347
0.0450565
0.0449004
0.064075
0.0502633
0.0474827
0.034175
0.0408227
0.0343556
0.0297859
0.0271684
0.0359857
0.0383402
0.043247
0.0333021
0.0416774
0.0396942
0.0378809
0.0406141
0.0490031
0.0506529
0.0478031
0.0446199
0.0532296
0.0561225
0.0592857
0.0577378
0.0664874
0.0557251
0.0589936
0.061119
0.0726192
0.0634864
0.0689308
0.0646335
0.0606054
0.055465
0.0643984
0.0707219
0.0614125
0.0601917
0.0604286
0.0628995
0.063197
0.0567996
0.0606241
0.0564202
0.0568386
0.0569694
0.0557697
0.0650932
0.0647425
0.0569655
0.0556146
0.0568007
0.0555164
0.0540235
0.0519411
0.0523095
0.0527918
0.0571807
0.0561873
0.0555926
0.0509331
0.0520374
0.0485196
0.0502555
0.0521923
0.0529283
0.0493173
0.0562184
0.0562176
0.0527107
0.0492601
0.0466222
0.0458287
0.0493304
0.0464185
0.046828
0.0458385
0.0434164
0.0431385
0.0429384
0.0389048
0.0371674
0.0396232
0.0391599
0.0355189
0.0354288
0.0392257
0.040314
0.0409024
0.0388734
0.0406122
0.0395845
0.041355
0.0452253
0.039018
0.0385623
0.0392347
0.0385716
0.0371841
0.0364204
0.0347431
0.0337745
0.0338026
0.0341968
0.0337408
0.0320353
0.0325613
0.0335744
0.033344
0.0355868
0.0369597
0.0393764
0.0475009
0.0572955
0.0605429
0.0562079
0.0600668
0.0565388
0.0534382
0.0571114
0.0542865
0.0552541
0.0535193
0.0491485
0.043451
0.0454857
0.0425696
0.0423142
0.0402938
0.0472248
0.0488557
0.0489548
0.0428931
0.0354
0.0415032
0.0447581
0.0490459
0.043778
0.0367267
0.0322243
0.0358645
0.0330632
0.0330116
0.0318438
0.0340181
0.0311553
0.0321917
0.0292009
0.0280598
0.0273224
0.0301437
0.0319059
0.0280534
0.0269021
0.0268926
0.0259152
0.0255998
0.0261727
0.0255133
0.0248652
0.0248023
0.0250151
0.0250156
0.0245109
0.0241275
0.0242067
0.0247813
0.0253327
0.0266265
0.026279
0.0281989
0.0265493
0.0261037
0.0255152
0.0250723
0.0252844
0.024306
0.0232573
0.0221277
0.0235379
0.0237486
0.0242713
0.0248028
0.0249126
0.0251141
0.0253066
0.0255628
0.0256298
0.025763
0.026204
0.0265279
0.0267621
0.0271241
0.0270926
0.0266764
0.0269999
0.0270896
0.0270277
0.0270112
0.0260361
0.0241089
0.0222858
0.0218636
0.0217886
0.0206456
0.0220742
0.0229193
0.0241833
0.0255018
0.0251775
0.0219135
0.0203471
0.0214617
0.0228423
0.0223803
0.0197532
0.0187787
0.0187052
0.0192291
0.0200148
0.018431
0.0183936
0.0180524
0.0177093
0.017598
0.0247944
0.0249614
0.0239433
0.0172278
0.0177847
0.0171623
0.0180772
0.0178281
0.0214715
0.0169322
0.0164971
0.0168137
0.0171712
0.0174519
0.0164321
0.0161035
0.0161477
0.0161335
0.016496
0.0165973
0.0162796
0.0159051
0.015659
0.0156263
0.0157434
0.0158359
0.0155821
0.0156124
0.0154825
0.0154898
0.0155283
0.0154903
0.0158182
0.0158279
0.0159269
0.0163899
0.0170712
0.0171108
0.0169625
0.0166033
0.0167329
0.0167689
0.0168159
0.0166752
0.016826
0.0177272
0.0181907
0.0179127
0.0167724
0.0166488
0.0165891
0.0165815
0.0168385
0.0175278
0.0166001
0.0165227
0.0164241
0.0185014
0.0189482
0.0162189
0.0162182
0.0159422
0.0176721
0.0184904
0.01674
0.0166158
0.0163956
0.0171072
0.0182173
0.0167888
0.0185844
0.0209014
0.0204068
0.0178794
0.0160791
0.0177621
0.0202517
0.0218161
0.0196961
0.0166805
0.016003
0.0151084
0.0184101
0.0178642
0.018814
0.0147044
0.0154128
0.014732
0.0138611
0.0142295
0.0143869
0.014104
0.0135666
0.0132893
0.0131177
0.013249
0.0133592
0.0132153
0.0131438
0.0132701
0.013368
0.0133938
0.0133249
0.013048
0.013188
0.0131847
0.0129673
0.012936
0.0130684
0.0129379
0.0129732
0.0130135
0.0130697
0.0129261
0.0128975
0.0128708
0.0128928
0.0128245
0.0127812
0.0127219
0.0126283
0.0126164
0.0126468
0.0125904
0.0125496
0.0124275
0.0124183
0.0124081
0.0129538
0.0122539
